6 1 2 3 4 5 7 8 9
0 8 9 6 1 2 3 4 5
0 4 5 7 8 9 6 1 2
9 6 1 2 3 4 5 7 8
5 7 8 9 6 1 2 3 4
2 3 4 5 7 8 9 6 1
8 9 6 1 2 3 4 5 7
4 5 7 8 9 6 1 2 3
1 2 3 4 5 7 8 9 6

6 1 2 3 4 5 7 8 9
7 8 9 6 1 2 3 4 5
3 4 5 7 8 9 6 1 2
9 6 1 2 3 4 5 7 8
0 7 8 9 6 1 2 3 4
0 3 4 5 7 8 9 6 1
8 9 6 1 2 3 4 5 7
1 2 3 4 5 7 8 9 6
4 5 7 8 9 6 1 2 3

6 1 2 3 4 5 7 8 9
7 8 9 6 1 2 3 4 5
3 4 5 7 8 9 6 1 2
9 6 1 2 3 4 5 7 8
5 7 8 9 6 1 2 3 4
0 0 4 5 7 8 9 6 1
4 5 7 8 9 6 1 2 3
8 9 6 1 2 3 4 5 7
1 2 3 4 5 7 8 9 6

6 1 2 3 4 5 7 8 9
7 0 9 6 1 2 3 4 5
3 4 0 7 8 9 6 1 2
9 6 1 2 3 4 5 7 8
5 7 8 9 6 1 2 3 4
2 3 4 5 7 8 9 6 1
4 5 7 8 9 6 1 2 3
1 2 3 4 5 7 8 9 6
8 9 6 1 2 3 4 5 7

